1_100/
110411
111413
108323
117324
126628
114924
115320
120111
112819
101006
109123
101410
129533
129432
132118
102311
106016
125525
113922
122620
127630
133928
138534
127933
108828
128329
139637
105014
101107
109325
103414
123925
131722
133827
100307
123420
137027
111312
116524
131217
105216
131924
137633
126931
100408
108525
118730
108121
129028
101309
124220
103818
119833
123117
103515
135225
120515
117122
128632
124826
137936
114419
133625
121618
120212
106521
106319
137128
102816
136833
107422
101915
102008
116120
121315
103111
124422
113821
128127
139233
122317
138231
130922
136227
130013
111716
133019
113215
113619
105115
130316
118528
135932
131621
107321
135528
134324
104820
126325
118932
